#####################
leakage: 2.129390 W 
dynamic: 0.439631 W 
runtime: 0.157622 s 
energy : 404.934228 mJ
