#####################
leakage: 2.588360 W 
dynamic: 0.506573 W 
runtime: 0.154668 s 
energy : 478.687097 mJ
