#####################
leakage: 1.558160 W 
dynamic: 0.341547 W 
runtime: 0.160347 s 
energy : 304.612318 mJ
