#####################
leakage: 1.153270 W 
dynamic: 0.341522 W 
runtime: 0.160359 s 
energy : 239.703350 mJ
