#####################
leakage: 1.151160 W 
dynamic: 0.334396 W 
runtime: 0.162009 s 
energy : 240.673442 mJ
