#####################
leakage: 1.158180 W 
dynamic: 0.349441 W 
runtime: 0.158898 s 
energy : 239.557962 mJ
