#####################
leakage: 1.149660 W 
dynamic: 0.326675 W 
runtime: 0.164773 s 
energy : 243.260147 mJ
