#####################
leakage: 2.129390 W 
dynamic: 0.457849 W 
runtime: 0.111728 s 
energy : 289.067039 mJ
