#####################
leakage: 2.588360 W 
dynamic: 0.519911 W 
runtime: 0.111680 s 
energy : 347.131705 mJ
