#####################
leakage: 1.558160 W 
dynamic: 0.361498 W 
runtime: 0.111792 s 
energy : 214.602407 mJ
