#####################
leakage: 1.151160 W 
dynamic: 0.339245 W 
runtime: 0.123538 s 
energy : 184.121653 mJ
