#####################
leakage: 1.158180 W 
dynamic: 0.350421 W 
runtime: 0.123237 s 
energy : 185.915461 mJ
