#####################
leakage: 1.149660 W 
dynamic: 0.335477 W 
runtime: 0.123798 s 
energy : 183.856990 mJ
