#####################
leakage: 1.153270 W 
dynamic: 0.344798 W 
runtime: 0.123265 s 
energy : 184.659352 mJ
