#####################
leakage: 2.129390 W 
dynamic: 0.289284 W 
runtime: 0.262250 s 
energy : 634.297256 mJ
