#####################
leakage: 2.588360 W 
dynamic: 0.319729 W 
runtime: 0.154668 s 
energy : 449.788309 mJ
