#####################
leakage: 1.558160 W 
dynamic: 0.230688 W 
runtime: 0.262250 s 
energy : 469.125388 mJ
