#####################
leakage: 1.151160 W 
dynamic: 0.227400 W 
runtime: 0.262371 s 
energy : 361.694166 mJ
