#####################
leakage: 1.158180 W 
dynamic: 0.234505 W 
runtime: 0.262020 s 
energy : 364.911324 mJ
