#####################
leakage: 1.149660 W 
dynamic: 0.225309 W 
runtime: 0.262433 s 
energy : 360.837240 mJ
