#####################
leakage: 1.153270 W 
dynamic: 0.230679 W 
runtime: 0.262262 s 
energy : 362.957233 mJ
