#####################
leakage: 2.129390 W 
dynamic: 0.491212 W 
runtime: 0.118297 s 
energy : 310.009355 mJ
