#####################
leakage: 2.588360 W 
dynamic: 0.563841 W 
runtime: 0.154668 s 
energy : 487.544624 mJ
