#####################
leakage: 1.558160 W 
dynamic: 0.385054 W 
runtime: 0.118493 s 
energy : 230.257257 mJ
