#####################
leakage: 1.151160 W 
dynamic: 0.384444 W 
runtime: 0.118517 s 
energy : 181.995179 mJ
