#####################
leakage: 1.158180 W 
dynamic: 0.385720 W 
runtime: 0.118517 s 
energy : 182.978396 mJ
