#####################
leakage: 1.149660 W 
dynamic: 0.384063 W 
runtime: 0.118517 s 
energy : 181.772249 mJ
