#####################
leakage: 1.153270 W 
dynamic: 0.385037 W 
runtime: 0.118517 s 
energy : 182.315531 mJ
