#####################
leakage: 2.129390 W 
dynamic: 0.223902 W 
runtime: 0.705450 s 
energy : 1660.129841 mJ
