#####################
leakage: 2.588360 W 
dynamic: 0.239872 W 
runtime: 0.705446 s 
energy : 1995.164951 mJ
