#####################
leakage: 1.558160 W 
dynamic: 0.178910 W 
runtime: 0.705447 s 
energy : 1225.410820 mJ
