#####################
leakage: 1.151160 W 
dynamic: 0.174690 W 
runtime: 0.705530 s 
energy : 935.426950 mJ
