#####################
leakage: 1.158180 W 
dynamic: 0.183724 W 
runtime: 0.705285 s 
energy : 946.424763 mJ
