#####################
leakage: 1.149660 W 
dynamic: 0.172004 W 
runtime: 0.705519 s 
energy : 932.459064 mJ
