#####################
leakage: 1.153270 W 
dynamic: 0.178867 W 
runtime: 0.705640 s 
energy : 940.009153 mJ
